[Centroide =  ( 3.0571427 7.5142856 6.3857145 4.6142855)
Puntos => 
 ( 0.8 3.2 7.4 5.5)
 ( 2.3 7.8 9.7 9.1)
 ( 2.8 9.2 7.3 4.2)
 ( 3.8 6.8 7.3 3.0)
 ( 3.7 9.8 4.1 1.5)
 ( 4.0 9.4 5.5 5.9)
 ( 4.0 6.4 3.4 3.1)
, Centroide =  ( 6.3000007 7.6999993 2.1666667 9.6)
Puntos => 
 ( 2.8 9.2 0.2 9.6)
 ( 6.5 7.7 3.4 9.6)
 ( 9.6 6.2 2.9 9.6)
, Centroide =  ( 5.2 3.14 4.62 2.32)
Puntos => 
 ( 6.9 2.0 5.2 5.7)
 ( 2.6 2.4 6.7 0.8)
 ( 7.0 4.3 5.5 1.7)
 ( 1.3 1.6 4.3 2.6)
 ( 8.2 5.4 1.4 0.8)
, Centroide =  ( 4.3599997 2.4 1.24 4.9799995)
Puntos => 
 ( 6.1 4.2 0.4 4.9)
 ( 5.5 2.4 0.5 5.4)
 ( 2.4 2.4 2.5 8.5)
 ( 4.0 1.3 1.1 2.8)
 ( 3.8 1.7 1.7 3.3)
]
 -------------------- SSE ---------------------
257.04953
--------------------- TIEMPO EN MICROSEGUNDOS 10^-6 ------------------ 
17085
------------------------------------------------ EJECUCION Nº  0 --------
[Centroide =  ( 3.0800002 3.2 6.1799994 3.52)
Puntos => 
 ( 0.8 3.2 7.4 5.5)
 ( 6.9 2.0 5.2 5.7)
 ( 2.6 2.4 6.7 0.8)
 ( 3.8 6.8 7.3 3.0)
 ( 1.3 1.6 4.3 2.6)
, Centroide =  ( 4.666667 8.25 4.8333335 8.0)
Puntos => 
 ( 2.3 7.8 9.7 9.1)
 ( 2.8 9.2 7.3 4.2)
 ( 4.0 9.4 5.5 5.9)
 ( 2.8 9.2 0.2 9.6)
 ( 6.5 7.7 3.4 9.6)
 ( 9.6 6.2 2.9 9.6)
, Centroide =  ( 4.3599997 2.4 1.24 4.9799995)
Puntos => 
 ( 6.1 4.2 0.4 4.9)
 ( 5.5 2.4 0.5 5.4)
 ( 2.4 2.4 2.5 8.5)
 ( 4.0 1.3 1.1 2.8)
 ( 3.8 1.7 1.7 3.3)
, Centroide =  ( 5.725 6.475 3.6 1.7750001)
Puntos => 
 ( 7.0 4.3 5.5 1.7)
 ( 3.7 9.8 4.1 1.5)
 ( 4.0 6.4 3.4 3.1)
 ( 8.2 5.4 1.4 0.8)
]
 -------------------- SSE ---------------------
279.84018
--------------------- TIEMPO EN MICROSEGUNDOS 10^-6 ------------------ 
2137
------------------------------------------------ EJECUCION Nº  1 --------
[Centroide =  ( 5.322222 3.3444445 2.411111 4.022222)
Puntos => 
 ( 6.9 2.0 5.2 5.7)
 ( 6.1 4.2 0.4 4.9)
 ( 5.5 2.4 0.5 5.4)
 ( 2.4 2.4 2.5 8.5)
 ( 7.0 4.3 5.5 1.7)
 ( 4.0 1.3 1.1 2.8)
 ( 4.0 6.4 3.4 3.1)
 ( 3.8 1.7 1.7 3.3)
 ( 8.2 5.4 1.4 0.8)
, Centroide =  ( 1.5666666 2.4 6.1333337 2.9666665)
Puntos => 
 ( 0.8 3.2 7.4 5.5)
 ( 2.6 2.4 6.7 0.8)
 ( 1.3 1.6 4.3 2.6)
, Centroide =  ( 3.3199997 8.6 6.78 4.74)
Puntos => 
 ( 2.3 7.8 9.7 9.1)
 ( 2.8 9.2 7.3 4.2)
 ( 3.8 6.8 7.3 3.0)
 ( 3.7 9.8 4.1 1.5)
 ( 4.0 9.4 5.5 5.9)
, Centroide =  ( 6.3000007 7.6999993 2.1666667 9.6)
Puntos => 
 ( 2.8 9.2 0.2 9.6)
 ( 6.5 7.7 3.4 9.6)
 ( 9.6 6.2 2.9 9.6)
]
 -------------------- SSE ---------------------
241.35689
--------------------- TIEMPO EN MICROSEGUNDOS 10^-6 ------------------ 
1573
------------------------------------------------ EJECUCION Nº  2 --------
[Centroide =  ( 4.7799997 2.77 2.9299998 3.65)
Puntos => 
 ( 6.9 2.0 5.2 5.7)
 ( 6.1 4.2 0.4 4.9)
 ( 5.5 2.4 0.5 5.4)
 ( 2.6 2.4 6.7 0.8)
 ( 2.4 2.4 2.5 8.5)
 ( 7.0 4.3 5.5 1.7)
 ( 1.3 1.6 4.3 2.6)
 ( 4.0 1.3 1.1 2.8)
 ( 3.8 1.7 1.7 3.3)
 ( 8.2 5.4 1.4 0.8)
, Centroide =  ( 3.6599998 8.32 5.52 3.5400002)
Puntos => 
 ( 2.8 9.2 7.3 4.2)
 ( 3.8 6.8 7.3 3.0)
 ( 3.7 9.8 4.1 1.5)
 ( 4.0 9.4 5.5 5.9)
 ( 4.0 6.4 3.4 3.1)
, Centroide =  ( 6.3000007 7.6999993 2.1666667 9.6)
Puntos => 
 ( 2.8 9.2 0.2 9.6)
 ( 6.5 7.7 3.4 9.6)
 ( 9.6 6.2 2.9 9.6)
, Centroide =  ( 1.55 5.5 8.55 7.3)
Puntos => 
 ( 0.8 3.2 7.4 5.5)
 ( 2.3 7.8 9.7 9.1)
]
 -------------------- SSE ---------------------
255.39967
--------------------- TIEMPO EN MICROSEGUNDOS 10^-6 ------------------ 
1430
------------------------------------------------ EJECUCION Nº  3 --------
[Centroide =  ( 5.34 6.54 4.3399997 2.02)
Puntos => 
 ( 3.8 6.8 7.3 3.0)
 ( 7.0 4.3 5.5 1.7)
 ( 3.7 9.8 4.1 1.5)
 ( 4.0 6.4 3.4 3.1)
 ( 8.2 5.4 1.4 0.8)
, Centroide =  ( 2.475 7.4 7.4750004 6.1749997)
Puntos => 
 ( 0.8 3.2 7.4 5.5)
 ( 2.3 7.8 9.7 9.1)
 ( 2.8 9.2 7.3 4.2)
 ( 4.0 9.4 5.5 5.9)
, Centroide =  ( 4.075 2.25 2.8 4.25)
Puntos => 
 ( 6.9 2.0 5.2 5.7)
 ( 6.1 4.2 0.4 4.9)
 ( 5.5 2.4 0.5 5.4)
 ( 2.6 2.4 6.7 0.8)
 ( 2.4 2.4 2.5 8.5)
 ( 1.3 1.6 4.3 2.6)
 ( 4.0 1.3 1.1 2.8)
 ( 3.8 1.7 1.7 3.3)
, Centroide =  ( 6.3000007 7.6999993 2.1666667 9.6)
Puntos => 
 ( 2.8 9.2 0.2 9.6)
 ( 6.5 7.7 3.4 9.6)
 ( 9.6 6.2 2.9 9.6)
]
 -------------------- SSE ---------------------
254.72816
--------------------- TIEMPO EN MICROSEGUNDOS 10^-6 ------------------ 
1258
------------------------------------------------ EJECUCION Nº  4 --------
[Centroide =  ( 1.5666666 2.4 6.1333337 2.9666665)
Puntos => 
 ( 0.8 3.2 7.4 5.5)
 ( 2.6 2.4 6.7 0.8)
 ( 1.3 1.6 4.3 2.6)
, Centroide =  ( 3.4333332 8.233334 6.216667 4.4666667)
Puntos => 
 ( 2.3 7.8 9.7 9.1)
 ( 2.8 9.2 7.3 4.2)
 ( 3.8 6.8 7.3 3.0)
 ( 3.7 9.8 4.1 1.5)
 ( 4.0 9.4 5.5 5.9)
 ( 4.0 6.4 3.4 3.1)
, Centroide =  ( 7.6 4.8500004 3.45 1.25)
Puntos => 
 ( 7.0 4.3 5.5 1.7)
 ( 8.2 5.4 1.4 0.8)
, Centroide =  ( 5.288889 4.1222224 1.9888891 6.6000004)
Puntos => 
 ( 6.9 2.0 5.2 5.7)
 ( 6.1 4.2 0.4 4.9)
 ( 5.5 2.4 0.5 5.4)
 ( 2.4 2.4 2.5 8.5)
 ( 2.8 9.2 0.2 9.6)
 ( 4.0 1.3 1.1 2.8)
 ( 6.5 7.7 3.4 9.6)
 ( 3.8 1.7 1.7 3.3)
 ( 9.6 6.2 2.9 9.6)
]
 -------------------- SSE ---------------------
298.6167
--------------------- TIEMPO EN MICROSEGUNDOS 10^-6 ------------------ 
1281
------------------------------------------------ EJECUCION Nº  5 --------
